Image "1Hokkaido"											
											
	AVIF		QP	bpp	size (B)	PSNR	SSIM	FSIMc	GMSD	 VIFP
			1	0,025	29956		25.39	0.7631	0.9658	0.1485	 0.2042
			40	0,182	212969		32.18	0.8915	0.9975	0.0532	 0.4845
			50	0,275	320680		33.31	0.9097	0.9986	0.0424	 0.5537
			60	0,442	516107		34.27	0.9278	0.9993	0.0361	 0.6390
			75	0,705	822987		34.89	0.9420	0.9996	0.0337	 0.7267
			82	0,984	1148437		35.15	0.9485	0.9998	0.0332	 0.7851
											
											
											
	HEIC		QP	bpp	size (B)	PSNR	SSIM	FSIMc	GMSD	 VIFP
			1	0,035	40758		25.93	0.7767	0.9748	0.1386	 0.2228
			20	0,114	133371		30.10	0.8610	0.9952	0.0783	 0.3959
			30	0,210	244776		31.91	0.8941	0.9981	0.0583	 0.5038
			40	0,404	471044		33.44	0.9229	0.9993	0.0457	 0.6253
			45	0,590	688580		34.17	0.9362	0.9996	0.0408	 0.6985
			50	0,751	876435		34.55	0.9427	0.9997	0.0383	 0.7432
											
											
											
	JPEG XL		QP	bpp	size (B)	PSNR	SSIM	FSIMc	GMSD	 VIFP
			1	0,121	141385		27.35	0.8308	0.9951	0.1037	 0.3416
			20	0,210	244895		30.55	0.8806	0.9982	0.0729	 0.4708
			40	0,262	305554		31.29	0.8925	0.9986	0.0675	 0.5113
			60	0,376	438505		32.78	0.9148	0.9990	0.0548	 0.5770
			80	0,623	727058		34.34	0.9347	0.9996	0.0467	 0.6869
			85	0,775	904255		35.11	0.9436	0.9997	0.0427	 0.7350
											
											
											
	JPEG		QP	bpp	size (B)	PSNR	SSIM	FSIMc	GMSD	 VIFP
			1	0,093	108541		22.05	0.7007	0.8703	0.2251	 0.1428
			10	0,201	234475		28.37	0.8163	0.9832	0.1095	 0.3393
			20	0,318	371461		30.81	0.8694	0.9960	0.0713	 0.4594
			30	0,422	492603		31.92	0.8926	0.9980	0.0593	 0.5269
			50	0,603	703861		33.11	0.9146	0.9992	0.0500	 0.6068
			70	0,859	1001530		34.21	0.9307	0.9996	0.0415	 0.6811
