Image "5Hokkaido"											
											
	AVIF		QP	bpp	size (B)	PSNR	SSIM	FSIMc	GMSD	 VIFP
			1	0,022	25198		25.90	0.6806	0.9620	0.1468	 0.1288
			40	0,207	240930		32.68	0.8492	0.9968	0.0497	 0.4115
			50	0,312	363445		33.86	0.8833	0.9981	0.0369	 0.4920
			60	0,517	603308		35.32	0.9157	0.9991	0.0264	 0.6022
			72	0,747	871518		36.23	0.9325	0.9995	0.0218	 0.6858
			78	0,943	1100099		36.65	0.9397	0.9996	0.0200	 0.7350
											
											
											
	HEIC		QP	bpp	size (B)	PSNR	SSIM	FSIMc	GMSD	 VIFP
			1	0,028	32649		26.33	0.6901	0.9698	0.1431	 0.1382
			20	0,101	117620		30.28	0.7869	0.9937	0.0831	 0.2952
			30	0,235	274501		32.51	0.8647	0.9977	0.0474	 0.4430
			40	0,480	560006		34.56	0.9131	0.9991	0.0321	 0.5921
			45	0,699	815518		35.58	0.9303	0.9995	0.0267	 0.6747
			50	0,887	1034863		36.15	0.9383	0.9996	0.0239	 0.7258
											
											
											
	JPEG XL		QP	bpp	size (B)	PSNR	SSIM	FSIMc	GMSD	 VIFP
			1	0,117	136647		28.29	0.7453	0.9947	0.0989	 0.2446
			20	0,223	259812		31.24	0.8152	0.9981	0.0620	 0.3692
			40	0,290	337673		32.04	0.8373	0.9986	0.0534	 0.4154
			60	0,425	495376		33.66	0.8858	0.9989	0.0383	 0.5092
			80	0,721	840736		35.48	0.9202	0.9995	0.0310	 0.6452
			85	0,901	1050811		36.33	0.9327	0.9997	0.0270	 0.7033
											
											
											
	JPEG		QP	bpp	size (B)	PSNR	SSIM	FSIMc	GMSD	 VIFP
			1	0,087	101003		22.44	0.6148	0.8702	0.2081	 0.1111
			10	0,179	208297		28.38	0.7356	0.9760	0.1127	 0.2538
			20	0,317	369409		31.14	0.8182	0.9947	0.0621	 0.3795
			30	0,452	526945		32.40	0.8573	0.9974	0.0462	 0.4577
			50	0,664	774559		33.83	0.8928	0.9990	0.0346	 0.5471
			70	0,950	1108064		35.05	0.9165	0.9995	0.0277	 0.6265
