Image "Atacama"											
											
	AVIF		QP	bpp	size (B)	PSNR	SSIM	FSIMc	GMSD	 VIFP
			1	0,018	18348		24.16	0.6866	0.9466	0.2128	 0.1352
			25	0,133	133304		28.19	0.8648	0.9926	0.0782	 0.3415
			35	0,241	240572		30.00	0.9092	0.9962	0.0563	 0.4246
			50	0,525	524584		33.32	0.9548	0.9985	0.0372	 0.5695
			58	0,789	788727		35.79	0.9718	0.9992	0.0292	 0.6905
			65	0,950	949975		36.92	0.9772	0.9995	0.0253	 0.7567
											
											
											
	HEIC		QP	bpp	size (B)	PSNR	SSIM	FSIMc	GMSD	 VIFP
			1	0,027	26691		24.51	0.7034	0.9600	0.1988	 0.1508
			20	0,141	141481		28,11	0.8666	0.9933	0.0778	 0.3397
			30	0,325	325376		30.78	0.9267	0.9975	0.0526	 0.4694
			35	0,511	510957		32.70	0.9513	0.9986	0.0426	 0.5588
			40	0,669	668868		34.16	0.9635	0.9991	0.0369	 0.6279
			47	1,000	999548		36.50	0.9773	0.9996	0.0277	 0.7552
											
											
											
	JPEG XL		QP	bpp	size (B)	PSNR	SSIM	FSIMc	GMSD	 VIFP
			1	0,143	143079		26.84	0.8293	0.9944	0.0916	 0.2959
			15	0,204	204417		28.37	0.8594	0.9973	0.0720	 0.3712
			25	0,259	259253		29.25	0.8856	0.9981	0.0591	 0.4113
			50	0,360	359828		30.51	0.9168	0.9987	0.0467	 0.4686
			65	0,508	507807		32.17	0.9439	0.9990	0.0357	 0.5281
			80	0,814	813701		35.03	0.9690	0.9995	0.0270	 0.6528
											
											
											
	JPEG		QP	bpp	size (B)	PSNR	SSIM	FSIMc	GMSD	 VIFP
			1	0,084	83830		21.81	0.6450	0.8574	0.2759	 0.1052
			10	0,237	236642		26.83	0.8369	0.9765	0.1066	 0.3148
			20	0,398	398115		29,09	0.8941	0.9949	0.0650	 0.4203
			30	0,526	526411		30.22	0.9166	0.9974	0.0509	 0.4713
			47	0,710	710234		31.51	0.9372	0.9989	0.0410	 0.5257
			65	0,947	946788		32.77	0.9528	0.9994	0.0342	 0.5800
