Image "Campus"											
											
	AVIF		QP	bpp	size (B)	PSNR	SSIM	FSIMc	GMSD	VIFP
			1	0,035	141204		21.31	0.7189	0.9857	0.1660	0.1291
			15	0,137	548074		24.42	0.8551	0.9957	0.0890	0.2582
			20	0,208	831703		25.84	0.8923	0.9972	0.0676	0.3143
			30	0,357	1428499		28.22	0.9340	0.9986	0.0436	0.4022
			40	0,566	2264536		30.97	0.9619	0.9992	0.0280	0.4967
			50	0,819	3276334		33.85	0.9777	0.9996	0.0190	0.5910
											
											
											
	HEIC		QP	bpp	size (B)	PSNR	SSIM	FSIMc	GMSD	VIFP
			1	0,037	147058		21.28	0.7200	0.9870	0.1643	0.1282
			10	0,089	355629		23,11	0.8154	0.9943	0.1069	0.2073
			20	0,232	927390		26.14	0.9052	0.9979	0.0598	0.3271
			27	0,429	1713830		29,04	0.9489	0.9989	0.0365	0.4325
			35	0,702	2805978		32,28	0.9738	0.9995	0.0225	0.5452
			40	0,862	3447820		34,00	0.9821	0.9997	0.0177	0.6041
											
											
											
	JPEG XL		QP	bpp	size (B)	PSNR	SSIM	FSIMc	GMSD	VIFP
			1	0,214	854629		23.86	0.8580	0.9987	0.0746	0.2667
			12	0,227	907976		24,83	0.8638	0.9992	0.0688	0.3067
			20	0,325	1298582		26.35	0.9055	0.9995	0.0484	0.3682
			35	0,394	1574033		27,50	0.9258	0.9996	0.0392	0.4057
			55	0,547	2186346		29,37	0.9511	0.9998	0.0263	0.4624
			75	0,871	3484177		33,05	0.9782	0.9999	0.0159	0.5796
											
											
											
	JPEG		QP	bpp	size (B)	PSNR	SSIM	FSIMc	GMSD	VIFP
			1	0,102	409072		19.78	0.7386	0.9152	0.2180	0.1334
			5	0,110	438961		22,07	0.8188	0,9494	0,1359	0,2197
			10	0,326	1302694		24.96	0.8865	0.9879	0.0775	0.3191
			14	0,417	1669269		26,07	0.9090	0.9957	0.0575	0.3644
			20	0,528	2112184		27.21	0.9277	0.9985	0.0422	0.4085
			45	0,873	3493216		30,05	0.9606	0.9996	0.0193	0.5044
