Image "Flowers"											
											
	AVIF		QP	bpp	size (B)	PSNR	SSIM	FSIMc	GMSD	 VIFP
			1	0,026	97091		25.18	0.6998	0.9891	0.1639	 0.2257
			30	0,128	473163		30.53	0.8470	0.9989	0.0862	 0.4586
			45	0,238	876563		32.68	0.8860	0.9996	0.0621	 0.5574
			55	0,393	1448513		34.38	0.9116	0.9998	0.0464	 0.6322
			70	0,736	2713078		36.40	0.9406	0.9999	0.0340	 0.7341
			75	0,881	3248728		36.96	0.9482	0.9999	0.0316	 0.7698
											
											
											
	HEIC		QP	bpp	size (B)	PSNR	SSIM	FSIMc	GMSD	 VIFP
			1	0,036	133780		25.77	0.7095	0.9916	0.1611	 0.2329
			20	0,118	436269		29.79	0.8242	0.9987	0.1019	 0.4220
			30	0,214	789265		31.69	0.8679	0.9995	0.0809	 0.5298
			40	0,425	1567772		33.88	0.9087	0.9998	0.0593	 0.6413
			45	0,660	2432234		35.27	0.9311	0.9999	0.0479	 0.7156
			50	0,872	3215100		36.26	0.9436	0.9999	0.0414	 0.7669
											
											
											
	JPEG XL		QP	bpp	size (B)	PSNR	SSIM	FSIMc	GMSD	 VIFP
			1	0,132	487040		25.96	0.7512	0.9976	0.1565	 0.3598
			20	0,262	966093		29.38	0.8249	0.9991	0.1195	 0.5108
			35	0,308	1135629		29.85	0.8358	0.9992	0.1159	 0.5381
			55	0,425	1565073		31.54	0.8666	0.9996	0.0982	 0.5811
			75	0,674	2483767		32.71	0.8943	0.9998	0.0923	 0.6707
			82	0,880	3245767		33.31	0.9051	0.9998	0.0918	 0.7240
											
											
											
	JPEG		QP	bpp	size (B)	PSNR	SSIM	FSIMc	GMSD	 VIFP
			1	0,080	293841		21.94	0.6047	0.9408	0.2500	 0.1582
			10	0,205	755813		27.62	0.7667	0.9933	0.1382	 0.3751
			20	0,344	1268538		29.97	0.8300	0.9986	0.1057	 0.4939
			30	0,467	1721552		31,08	0.8579	0.9994	0.0938	 0.5577
			50	0,681	2512263		32.31	0.8856	0.9998	0.0819	 0.6306
			65	0,876	3230628		33.15	0.9018	0.9999	0.0734	 0.6769
