Image "LakeView"											
											
	AVIF		QP	bpp	size (B)	PSNR	SSIM	FSIMc	GMSD	VIFP
			1	0,042	168369		21,49	0.6413	0.9847	0.1883	0.1397
			15	0,156	625662		24,70	0.8176	0.9953	0.0995	0.2762
			20	0,232	927557		26,12	0.8650	0.9968	0.0749	0.3346
			30	0,386	1544144		28,42	0.9163	0.9983	0.0473	0.4228
			40	0,600	2401639		30,98	0.9499	0.9991	0.0294	0.5137
			50	0,870	3481111		33.67	0.9702	0.9995	0.0193	0.6037
											
											
											
	HEIC		QP	bpp	size (B)	PSNR	SSIM	FSIMc	GMSD	VIFP
			1	0,037	147058		21.35	0.6365	0.9868	0.1890	0.1368
			10	0,101	403404		23.27	0.7629	0.9942	0.1215	0.2219
			20	0,252	1008237		26.30	0.8778	0.9978	0.0670	0.3462
			27	0,454	1817498		29,09	0.9322	0.9989	0.0399	0.4521
			35	0,737	2949114		32.10	0.9634	0.9994	0.0241	0.5593
			40	0,923	3691214		33.79	0.9748	0.9996	0.0186	0.6180
											
											
											
	JPEG XL		QP	bpp	size (B)	PSNR	SSIM	FSIMc	GMSD	VIFP
			1	0,237	946400		24,11	0.8180	0.9988	0.0846	0.2860
			12	0,281	1122078		25.36	0.8405	0.9993	0.0720	0.3411
			20	0,401	1604645		27.13	0.8930	0.9995	0.0488	0.4065
			35	0,478	1911044		28.14	0.9147	0.9996	0.0395	0.4421
			55	0,666	2662795		30.19	0.9444	0.9997	0.0261	0.4996
			75	1,062	4246260		33.96	0.9772	0.9999	0.0141	0.6253
											
											
											
	JPEG		QP	bpp	size (B)	PSNR	SSIM	FSIMc	GMSD	VIFP
			1	0,102	407701		20.18	0.6420	0.9161	0.2605	0.1253
			5	0,194	774285		22.50	0.7659	0.9540	0.1539	0.2181
			10	0,354	1416210		25.13	0.8538	0.9897	0.0844	0.3264
			14	0,459	1836986		26.37	0.8862	0.9951	0.0597	0.3780
			20	0,589	2354018		27.61	0.9117	0.9979	0.0423	0.4265
			45	0,985	3938431		30.54	0.9536	0.9996	0.0186	0.5334
